aaaa.csv
4.96693243998e-09
4.96693243998e-09
abkj.csv
3.39851341627e-28
3.39851341627e-28
ebjn.csv
9.23213778141e-28
9.23213778141e-28
eaea.csv
4.24189976327e-21
4.24189976327e-21
ebah.csv
3.78148363527e-24
3.78148363527e-24
akdo.csv
3.39851341627e-28
3.39851341627e-28
aeea.csv
1.22940911604e-21
1.22940911604e-21
eeee.csv
0.142855186864
0.142855186864
akil.csv
8.29715189519e-32
8.29715189519e-32
[4.9669324399794074e-09, 4.2418997632688037e-21, 3.3985134162685046e-28, 3.3985134162685046e-28, 9.2321377814146538e-28, 0.14285518686358054, 3.7814836352674422e-24, 1.2294091160359324e-21, 8.2971518951867789e-32]
