inpi.csv
9.62964972194e-35
9.62964972194e-35
38
iacm.csv
3.94430452611e-31
3.94430452611e-31
34
ifif.csv
3.15544362088e-30
3.15544362088e-30
33
iffa.csv
2.01948423551e-28
2.01948423551e-28
31
ihep.csv
4.93038065763e-32
4.93038065763e-32
35
ipff.csv
3.94430452611e-31
3.94430452611e-31
34
inin.csv
1.20370621524e-35
1.20370621524e-35
39
ifgp.csv
3.15544362088e-30
3.15544362088e-30
33
ibla.csv
3.15544362088e-30
3.15544362088e-30
33
ibli.csv
4.93038065763e-32
4.93038065763e-32
35
iaci.csv
2.52435489671e-29
2.52435489671e-29
32
ipan.csv
6.16297582204e-33
6.16297582204e-33
36
indd.csv
3.15544362088e-30
3.15544362088e-30
33
ihpe.csv
3.94430452611e-31
3.94430452611e-31
34
[3.944304526105059e-31, 4.9303806576313238e-32, 9.6296497219361793e-35, 3.1554436208840472e-30, 2.5243548967072378e-29, 3.1554436208840472e-30, 1.2037062152420224e-35, 2.0194842355101534e-28, 6.1629758220391547e-33, 3.944304526105059e-31, 3.944304526105059e-31, 3.1554436208840472e-30, 3.1554436208840472e-30, 4.9303806576313238e-32]
